-42.407, -60.956, 86.274
-43.586, -59.341, 87.629
-44.886, -57.822, 91.379
-46.28, -56.389, 94.679
-47.724, -55.005, 97.03
-49.175, -53.628, 94.376
-50.59, -52.215, 91.645
-51.932, -50.732, 88.831
-53.173, -49.165, 87.896
-54.289, -47.506, 88.045
-55.275, -45.766, 88.943
-56.133, -43.96, 90.21
-56.874, -42.103, 91.624
-57.503, -40.205, 92.33
-58.038, -38.278, 93.667
-58.491, -36.33, 94.279
-58.871, -34.367, 95.369
-59.184, -32.392, 95.845
-59.444, -30.409, 96.276
-59.654, -28.42, 96.665
-59.852, -27.941, 100
-60.076, -29.929, 100
-60.3, -31.916, 100
-60.525, -33.903, 100
-60.749, -35.891, 100
-60.973, -37.878, 100
-61.198, -39.866, 100
-61.422, -41.853, 100
-60.325, -43.235, 100
-58.674, -44.363, 100
-57.022, -45.491, 100
-55.371, -46.619, 100
-53.719, -47.747, 100
-52.068, -48.876, 100
-50.416, -50.004, 100
-48.765, -51.132, 100
-47.113, -52.26, 100
-45.462, -53.388, 100
-43.81, -54.516, 100
-42.159, -55.644, 100
-40.507, -56.772, 100
-38.856, -57.901, 100
-37.123, -58.766, 100
-35.123, -58.778, 100
-33.123, -58.79, 100
-31.123, -58.802, 100
-29.123, -58.814, 100
-27.123, -58.826, 100
-25.123, -58.838, 100
-23.123, -58.85, 100
-21.123, -58.861, 100
-19.123, -58.873, 100
-17.123, -58.885, 100
-15.123, -58.897, 100
-13.123, -58.909, 100
-11.123, -58.921, 100
-9.123, -58.933, 100
-7.123, -58.944, 100
-5.123, -58.956, 100
-3.123, -58.968, 100
-1.123, -58.98, 100
0.877, -58.992, 100
2.877, -59.004, 100
4.877, -59.016, 100
6.877, -59.028, 100
8.877, -59.039, 100
10.877, -59.051, 100
12.877, -59.063, 100
14.876, -59.075, 100
16.876, -59.087, 100
18.876, -59.099, 100
20.876, -59.111, 100
22.876, -59.123, 100
24.876, -59.134, 100
26.876, -59.146, 100
28.876, -59.158, 100
30.876, -59.17, 100
32.876, -59.182, 98.318
34.842, -58.892, 95.717
36.782, -58.405, 94.983
38.707, -57.863, 94.126
40.612, -57.257, 93.137
42.492, -56.575, 92.007
44.338, -55.807, 90.737
46.14, -54.941, 89.343
47.886, -53.966, 87.782
49.542, -52.846, 84.841
51.099, -51.593, 83.489
52.509, -50.176, 81.62
53.755, -48.614, 81.416
54.811, -46.917, 83.012
55.662, -45.108, 84.351
56.328, -43.223, 87.669
56.842, -41.291, 91.306
57.239, -39.331, 94.851
57.559, -37.357, 98.139
57.839, -35.377, 99.677
58.113, -33.396, 97.446
58.415, -31.419, 94.819
58.77, -29.451, 92.468
59.208, -27.499, 91.422
59.749, -25.574, 89.685
60.402, -23.684, 87.424
61.195, -21.849, 84.469
61.647, -21.69, 83.745
61.512, -23.684, 82.527
61.142, -25.649, 82.527
60.547, -27.556, 82.052
59.752, -29.387, 82.342
58.761, -31.119, 83.251
57.59, -32.736, 84.54
56.258, -34.226, 85.973
54.79, -35.584, 87.37
53.192, -36.787, 87.37
51.503, -37.856, 88.62
49.743, -38.802, 89.67
47.924, -39.629, 90.501
46.057, -40.345, 91.11
44.152, -40.952, 91.501
42.211, -41.436, 91.501
40.248, -41.811, 91.672
38.268, -42.086, 91.304
36.276, -42.26, 88.48
34.278, -42.329, 85.562
32.279, -42.287, 82.541
30.285, -42.127, 79.404
28.308, -41.824, 76.138
26.359, -41.378, 72.727
24.456, -40.765, 69.147
22.629, -39.953, 65.373
20.945, -38.879, 61.37
19.488, -37.52, 57.097
18.381, -35.866, 52.483
17.805, -33.964, 58.408
17.827, -31.974, 67.255
18.306, -30.042, 75.917
19.123, -28.222, 82.828
20.167, -26.521, 87.823
21.363, -24.92, 91.288
22.688, -23.423, 91.288
24.107, -22.015, 93.668
25.567, -20.648, 95.313
27.108, -19.374, 95.313
28.668, -18.124, 96.465
30.282, -16.943, 96.465
31.905, -15.774, 97.286
33.576, -14.676, 97.286
35.248, -13.577, 97.286
36.955, -12.536, 97.882
38.672, -11.51, 97.882
40.395, -10.495, 98.321
42.149, -9.534, 98.321
43.903, -8.573, 98.321
45.662, -7.621, 98.454
47.133, -6.836, 100
45.259, -7.534, 100
43.385, -8.233, 100
41.511, -8.931, 100
39.636, -9.63, 100
37.762, -10.328, 100
35.888, -11.027, 100
34.014, -11.725, 100
32.14, -12.424, 100
30.266, -13.122, 100
28.392, -13.821, 100
26.518, -14.519, 99.917
24.644, -15.218, 97.342
22.77, -15.916, 94.697
20.896, -16.615, 91.975
19.022, -17.313, 89.171
17.148, -18.012, 86.276
15.274, -18.71, 83.279
13.4, -19.409, 80.171
11.526, -20.107, 76.938
11.315, -18.442, 74.116
11.64, -16.47, 81.585
12.226, -14.559, 83.565
13.011, -12.72, 86.77
13.95, -10.956, 89.125
15.012, -9.261, 90.83
16.177, -7.636, 91.491
17.432, -6.079, 92.518
18.757, -4.582, 92.908
20.155, -3.151, 93.494
21.608, -1.777, 93.703
23.117, -0.465, 93.983
24.675, 0.788, 94.06
26.278, 1.984, 94.105
27.928, 3.114, 94.075
29.617, 4.185, 94.012
31.346, 5.191, 93.785
33.113, 6.126, 93.622
34.914, 6.995, 93.424
36.752, 7.782, 92.923
38.623, 8.49, 92.617
40.522, 9.116, 91.892
42.452, 9.638, 91.473
44.405, 10.067, 91.016
46.381, 10.377, 90
47.434, 10.795, 93.75
45.721, 11.827, 93.062
44.053, 12.93, 92.312
42.436, 14.107, 91.503
40.881, 15.363, 90.639
39.409, 16.716, 88.795
38.028, 18.163, 87.849
36.756, 19.704, 86.037
35.624, 21.353, 85.235
34.643, 23.094, 84
33.837, 24.923, 83.625
33.233, 26.829, 83.436
32.826, 28.785, 83.981
32.618, 30.773, 85.113
32.613, 32.773, 85.828
32.79, 34.764, 87.41
33.125, 36.735, 89.036
33.605, 38.676, 89.821
34.215, 40.58, 91.284
34.928, 42.448, 92.573
35.74, 44.276, 93.149
36.629, 46.067, 94.169
37.591, 47.82, 94.618
38.612, 49.54, 95.408
39.688, 51.225, 95.708
40.808, 52.882, 93.016
42.02, 54.327, 90.405
43.842, 53.503, 90.456
45.612, 52.573, 90.573
47.324, 51.539, 90.633
48.968, 50.401, 90.747
50.546, 49.173, 90.837
52.047, 47.852, 90.868
53.469, 46.446, 90.896
54.81, 44.963, 90.868
56.059, 43.402, 90.829
57.216, 41.771, 90.697
58.278, 40.077, 90.485
59.236, 38.321, 90.346
60.081, 36.509, 89.999
60.813, 34.648, 89.554
61.423, 32.744, 89.01
61.902, 30.803, 88.7
62.236, 28.831, 88.013
62.421, 26.841, 87.247
62.448, 24.842, 86.432
62.306, 22.848, 85.615
61.986, 20.874, 84.861
61.482, 18.94, 84.251
61.134, 18.508, 97.293
61.273, 20.503, 96.602
61.372, 22.501, 95.478
61.423, 24.5, 92.78
61.419, 26.5, 90.001
61.347, 28.499, 87.133
61.189, 30.492, 84.168
60.932, 32.475, 81.094
60.552, 34.438, 77.9
60.023, 36.366, 74.57
59.314, 38.235, 71.084
58.385, 40.004, 67.419
57.215, 41.623, 63.545
55.803, 43.037, 59.419
54.166, 44.18, 54.985
52.362, 45.038, 50.16
50.452, 45.623, 44.817
48.483, 45.966, 38.743
46.49, 46.108, 31.516
44.49, 46.085, 22.032
42.585, 45.935, 0
42.585, 45.935, 0
22.647, 44.361, 0
endData
127
100
200
-42.407, -60.956, -48.374, -51.952, -57.766, -51.877, -59.766, -27.186
-59.766, -27.186, -60.627, -34.813, -60.627, -34.813, -61.488, -42.44
-61.488, -42.44, -49.54, -50.602, -49.54, -50.602, -37.592, -58.764
-37.592, -58.764, -2, -58.975, -2, -58.975, 33.592, -59.186
33.592, -59.186, 64.911, -52.286, 53.504, -36.453, 61.694, -20.828
61.694, -20.828, 62.05, -56.72, -26.959, -44.734, 47.289, -6.778
47.289, -6.778, 29.292, -13.485, 29.292, -13.485, 11.294, -20.193
11.294, -20.193, 10.449, -8.523, 29.787, 9.078, 47.868, 10.54
47.868, 10.54, 26.032, 22.866, 30.963, 39.419, 41.881, 54.387
41.881, 54.387, 57.377, 48.048, 66.006, 30.614, 61.075, 17.759
61.075, 17.759, 62.484, 34.489, 60.371, 47.872, 42.585, 45.935
#PATH.JERRYIO-DATA {"appVersion":"0.6.0","format":"LemLib v0.4.x (inch, byte-voltage)","gc":{"robotWidth":14.7,"robotHeight":12.5,"robotIsHolonomic":false,"showRobot":true,"uol":2.54,"pointDensity":2,"controlMagnetDistance":0.7750015500031,"fieldImage":{"displayName":"VRC 2024 - Over Under (Skill)","signature":"VRC 2024 - Over Under (Skill)","origin":{"__type":"built-in"}}},"paths":[{"segments":[{"controls":[{"uid":"z2L2a3JhRW","x":-42.407057871503945,"y":-60.95616779928929,"lock":false,"visible":true,"heading":330,"__type":"end-point"},{"uid":"ICoH2IsC8W","x":-48.37381443842883,"y":-51.951804738858016,"lock":false,"visible":true,"__type":"control"},{"uid":"wWAcyBBDXC","x":-57.766321234243065,"y":-51.87728054551575,"lock":false,"visible":true,"__type":"control"},{"uid":"ru2fzQJ2cX","x":-59.76631269008762,"y":-27.18550419177367,"lock":false,"visible":true,"heading":0,"__type":"end-point"}],"speedProfiles":[],"lookaheadKeyframes":[],"uid":"yVHfXsMLrg"},{"controls":[{"uid":"ru2fzQJ2cX","x":-59.76631269008762,"y":-27.18550419177367,"lock":false,"visible":true,"heading":0,"__type":"end-point"},{"uid":"hXxrLnXk8v","x":-61.488346741692865,"y":-42.44036484478402,"lock":false,"visible":true,"heading":75,"__type":"end-point"}],"speedProfiles":[],"lookaheadKeyframes":[],"uid":"im8MNGDFYK"},{"controls":[{"uid":"hXxrLnXk8v","x":-61.488346741692865,"y":-42.44036484478402,"lock":false,"visible":true,"heading":75,"__type":"end-point"},{"uid":"l5mv2qNlHT","x":-37.59244775125661,"y":-58.76361978895526,"lock":false,"visible":true,"heading":90,"__type":"end-point"}],"speedProfiles":[],"lookaheadKeyframes":[],"uid":"Y3zzfVS4gN"},{"controls":[{"uid":"l5mv2qNlHT","x":-37.59244775125661,"y":-58.76361978895526,"lock":false,"visible":true,"heading":90,"__type":"end-point"},{"uid":"bRvt7ZsIjQ","x":33.59168461052049,"y":-59.18613569043936,"lock":false,"visible":true,"heading":90,"__type":"end-point"}],"speedProfiles":[],"lookaheadKeyframes":[],"uid":"eIjPnFTwaZ"},{"controls":[{"uid":"bRvt7ZsIjQ","x":33.59168461052049,"y":-59.18613569043936,"lock":false,"visible":true,"heading":90,"__type":"end-point"},{"uid":"4q36YxBf88","x":64.91087220061564,"y":-52.28614271302579,"lock":false,"visible":true,"__type":"control"},{"uid":"OHXb7O1Ssi","x":53.50422026057669,"y":-36.45265550825358,"lock":false,"visible":true,"__type":"control"},{"uid":"2HWbsMV4dh","x":61.6935365824051,"y":-20.827750001634016,"lock":false,"visible":true,"heading":0,"__type":"end-point"}],"speedProfiles":[],"lookaheadKeyframes":[],"uid":"RApoDKB9lu"},{"controls":[{"uid":"2HWbsMV4dh","x":61.6935365824051,"y":-20.827750001634016,"lock":false,"visible":true,"heading":0,"__type":"end-point"},{"uid":"TFpNT1k8rV","x":62.049989495933104,"y":-56.720364236745944,"lock":false,"visible":true,"__type":"control"},{"uid":"CZpmKQhPd0","x":-26.959191371026193,"y":-44.73409050403819,"lock":false,"visible":true,"__type":"control"},{"uid":"NFORHa1gJI","x":47.289115362135625,"y":-6.777557017130361,"lock":false,"visible":true,"heading":90,"__type":"end-point"}],"speedProfiles":[{"uid":"RecSZ1olHD","xPos":0.32653061224489793,"yPos":1,"followBentRate":true}],"lookaheadKeyframes":[],"uid":"C7JReEPoyL"},{"controls":[{"uid":"NFORHa1gJI","x":47.289115362135625,"y":-6.777557017130361,"lock":false,"visible":true,"heading":90,"__type":"end-point"},{"uid":"UdvM5JZE3Y","x":11.29414617762314,"y":-20.193419386889882,"lock":false,"visible":true,"heading":50,"__type":"end-point"}],"speedProfiles":[],"lookaheadKeyframes":[],"uid":"4MlDRctFA5"},{"controls":[{"uid":"UdvM5JZE3Y","x":11.29414617762314,"y":-20.193419386889882,"lock":false,"visible":true,"heading":50,"__type":"end-point"},{"uid":"bGaPdF2zvZ","x":10.448677303139721,"y":-8.522621673829324,"lock":false,"visible":true,"__type":"control"},{"uid":"qLr51JZGYP","x":29.78740989524571,"y":9.078198517531224,"lock":false,"visible":true,"__type":"control"},{"uid":"JduCitobrD","x":47.86797550191045,"y":10.539510365208306,"lock":false,"visible":true,"heading":90,"__type":"end-point"}],"speedProfiles":[{"uid":"LlbtvOEVaY","xPos":0.5,"yPos":1,"followBentRate":true}],"lookaheadKeyframes":[],"uid":"oYQIIRzEBe"},{"controls":[{"uid":"JduCitobrD","x":47.86797550191045,"y":10.539510365208306,"lock":false,"visible":true,"heading":90,"__type":"end-point"},{"uid":"QEPaJSHWIK","x":26.03206502747528,"y":22.86623402013139,"lock":false,"visible":true,"__type":"control"},{"uid":"pliSmTvTGT","x":30.9627544894445,"y":39.41926292817096,"lock":false,"visible":true,"__type":"control"},{"uid":"IAbE8Gu1uT","x":41.88070972666208,"y":54.387427366291845,"lock":false,"visible":true,"heading":120,"__type":"end-point"}],"speedProfiles":[],"lookaheadKeyframes":[],"uid":"b3J2nI0vG4"},{"controls":[{"uid":"IAbE8Gu1uT","x":41.88070972666208,"y":54.387427366291845,"lock":false,"visible":true,"heading":120,"__type":"end-point"},{"uid":"nOOrNFfhQe","x":57.377162321422524,"y":48.04796948661711,"lock":false,"visible":true,"__type":"control"},{"uid":"Tedc9oL3j6","x":66.00586887986871,"y":30.61446031751161,"lock":false,"visible":true,"__type":"control"},{"uid":"LoYdB5uikX","x":61.07517941789947,"y":17.75944850594897,"lock":false,"visible":true,"heading":180,"__type":"end-point"}],"speedProfiles":[],"lookaheadKeyframes":[],"uid":"4VuJslVC2Y"},{"controls":[{"uid":"LoYdB5uikX","x":61.07517941789947,"y":17.75944850594897,"lock":false,"visible":true,"heading":180,"__type":"end-point"},{"uid":"GdKPxpb02v","x":62.48394783560499,"y":34.48857346620173,"lock":false,"visible":true,"__type":"control"},{"uid":"Md4pru0HMC","x":60.370795209046726,"y":47.87187343440394,"lock":false,"visible":true,"__type":"control"},{"uid":"rRIqoBFFbJ","x":42.585093935514855,"y":45.93481686005888,"lock":false,"visible":true,"heading":140,"__type":"end-point"}],"speedProfiles":[],"lookaheadKeyframes":[],"uid":"EZDkf8fPD9"}],"pc":{"speedLimit":{"minLimit":{"value":0,"label":"0"},"maxLimit":{"value":127,"label":"127"},"step":1,"from":20,"to":100},"bentRateApplicableRange":{"minLimit":{"value":0,"label":"0"},"maxLimit":{"value":1,"label":"1"},"step":0.001,"from":0,"to":0.1},"maxDecelerationRate":127},"name":"Path","uid":"hz6gEpaK7e","lock":false,"visible":true}]}